mypersonality
[1.43106469 1.43293601 1.50535107 1.41090998 1.71043536]
PAN
[0.37552881 0.41054624 0.36194633 0.36834259 0.40132756]random choice 0
[0.21618209 0.31794408 0.21285235 0.21696735 0.21333121] random choice 1
[0.1637673  0.23165186 0.16214128 0.15328156 0.15885003]    random choice 10
[0.16459322 0.22846906 0.15625531 0.15049553 0.15292858]    random choice 30
[0.16482859 0.22662931 0.15661826 0.15219608 0.15449272]    random choice 50
[0.16398853 0.23060126 0.15475646 0.14934853 0.15267384]    random choice 70
[0.16443035 0.22683241 0.15566299 0.14945493 0.15251752]    random choice 90
[0.16234016 0.22686687 0.15641174 0.14988846 0.15187439]    random choice 100

0.1484416292	0.2113373143	0.1392366841	0.135035616	0.1443790474 adawalk(tfidf)


sen
3.02781774 3.06928807 3.11633713 3.03198887 3.04018909
youtube
[4.25170266 4.27499496 4.1692259  4.29266403 4.26759972]